Probe;Gruppennummer;Probennummer;Standort;UTM_R;UTM_H;Humusauflage[cm];Oberboden[cm];Wurzelschicht[cm];Entnahmetiefe[cm];Volumen[cm^3];Ksat[cm/s];Wassergehalt[%];Lagerungsdichte[g/cm^3];Porositaet[-];Gluehverlust[%];pH_H2O;pH_CaCl2;Kies[%];gS[%];mS[%];fS[%];gU[%];mU[%];fU[%];Ton[%];Gesamt[%];Bodenart
G1P1;1;1;Trockenwiese;373036;5801731;0.5;9;7;9;249.05;31.06;7.25;1.1;0.58;3.78;5.03;4.82;0;2;46;44;1.6;0.8;1.1;4.5;100;mSfs
G1P2;1;2;Trockenwiese;373029;5801737;0.5;6;7;6;248.94;20.08;6.61;1.15;0.56;4.02;4.99;4.8;0;3;49;44;0;1.1;0;2.9;100;mSfs
G1P3;1;3;Trockenwiese;373042;5801737;0.5;7;3;7;249.84;16.49;7.38;1.21;0.54;3.67;4.69;4.37;1;3;45;41;2.8;1.2;0;6;100;fSms
G1P4;1;4;Trockenwiese;373048;5801744;0.5;10;9;10;249.84;9.98;7.05;1.33;0.5;3.53;4.35;4.11;0;4;43;44;1.6;2.2;0;5.2;100;fSms
G1P5;1;5;Trockenwiese;373048;5801757;0.5;10;8;10;249.22;9.23;4.49;1.45;0.45;2.99;5.05;4.84;2;4;43;44;2.1;0.2;0.9;3.7;100;fSms
G2P1;2;1;Kiefernwald;373140;5801733;8;7;13;14;247.34;24.48;3.38;1.41;0.47;2.15;5.15;4.93;3;5;51;39;0.6;0;0.7;0.7;100;mSfs
G2P2;2;2;Kiefernwald;373128;5801746;4;5;7;9;249.46;16.92;3.4;1.56;0.41;1.82;4.83;4.42;1;6;51;41;0;0.4;0;0.6;100;mSfs
G2P3;2;3;Kiefernwald;373108;5801764;6;6;10;12;250.33;11.88;2.87;1.52;0.43;1.73;5.09;4.63;3;5;43;48;0.2;0;0;0.8;100;mSfs
G2P4;2;4;Kiefernwald;373121;5801765;5;4;8;9;249.29;31.32;2.34;1.61;0.39;1.01;5.27;5.22;1;5;51;43;0;0;0;0;100;mSfs
G2P5;2;5;Kiefernwald;373108;5801771;8;6;12;13;249.74;22.32;3.69;1.35;0.49;2.04;4.21;3.82;2;4;43;48;0.6;0.1;0;2.3;100;mSfs
G3P1;3;1;Kiefernwald;373108;5801758;5;9;5;9;248.5;29.36;2.6;1.37;0.48;1.64;4.99;4.55;0;3;42;51;1;0.6;0;2.4;100;fSms
G3P2;3;2;Kiefernwald;373134;5801759;8;11;13;10.5;248.97;32.44;3.1;1.37;0.48;1.52;4.87;4.58;0;4;49;45;0.4;0.5;0;1.1;100;mSfs
G3P3;3;3;Kiefernwald;373121;5801733;8;8;18;8;250.5;25.04;8.6;1.01;0.62;6.29;3.52;3.2;0;6;49;42;0.5;0.3;0;2.2;100;mSfs
G3P4;3;4;Kiefernwald;373115;5801771;5;7;14;7;248.97;34.3;8.1;0.95;0.64;6.64;4.05;4.08;0;3;41;52;1.2;0.3;0;2.6;100;fSms
G3P5;3;5;Kiefernwald;373103;5801771;9;10;12;10;247.63;29.83;3.6;1.25;0.53;2.8;4.39;4.19;1;3;48;45;0.6;0.2;0;2.2;100;mSfs
G4P1;4;1;Trockenwiese;373047;5801736;1;32;12;11;250.49;11.65;7.99;1.21;0.54;4.66;5.57;5.07;1;3;45;45;1.4;0.4;0.3;4;100;fSms
G4P2;4;2;Trockenwiese;373037;5801773;1;32;6;12;256;6.8;3.55;1.51;0.43;2.22;6.04;5.41;1;2;38;54;1.1;0.4;1.1;2.5;100;fSms
G4P3;4;3;Trockenwiese;373054;5801741;1;32;20;10;251.58;7.68;9.16;1.24;0.53;4.17;5.76;4.6;1;2;37;50;1.6;1.4;0.4;6.6;100;fSms
G4P4;4;4;Trockenwiese;373030;5801773;1;32;7;9;253.76;7.74;5.99;1.32;0.5;4.08;5.85;5.12;1;2;44;44;1.7;0.5;1.5;5.4;100;fSms
G4P5;4;5;Trockenwiese;373035;5801755;1;32;6;12;252.24;24.86;6.71;1.17;0.56;4.5;6.05;5.54;1;3;42;45;1.4;0.6;1.1;5.9;100;fSms
G5P1;5;1;Trockenwiese;373061;5801732;1;32;8;16;249.6;47.78;5.17;1.35;0.49;3.49;3.97;3.7;0;3;39;48;2.3;1.2;0.1;6.4;100;mSfs
G5P2;5;2;Trockenwiese;373073;5801731;1;32;7;16;248.9;8.14;4.98;1.54;0.42;2.42;4.3;4.02;0;2;38;54;0.9;1.2;0;3.9;100;fSms
G5P3;5;3;Trockenwiese;373029;5801750;1;32;7;18;250.6;12.03;6.38;1.25;0.53;4.9;4.54;4.22;0;1;42;48;1.3;2.8;0;4.9;100;mSfs
G5P4;5;4;Trockenwiese;373060;5801756;1;32;8;15;247.2;21.17;2.81;1.41;0.47;2.03;4.83;4.52;1;4;42;50;0.2;0.8;0;2;100;fSms
G5P5;5;5;Trockenwiese;373073;5801769;1;32;5;15;250.6;10.54;2.29;1.55;0.42;1.69;4.93;4.63;0;4;42;49;0.3;2.1;0;2.6;100;mSfs
G6P1;6;1;Kiefernwald;373134;5801740;7;2;7;8;246.9;34.41;1.68;1.54;0.42;1.17;5.55;5;1;5;52;40;0;0.2;0;1.8;100;mSfs
G6P2;6;2;Kiefernwald;373127;5801733;5;2;8;12;247.9;38.98;2.85;1.26;0.53;3.05;4.7;4.18;1;2;40;51;0.8;0;1.3;3.9;100;fSms
G6P3;6;3;Kiefernwald;373140;5801771;7;2;7;8;250.7;47.17;8.8;1.1;0.59;4.24;4.3;3.9;0;3;41;52;0.7;1;0;2.3;100;fSms
G6P4;6;4;Kiefernwald;373146;5801752;6;2;10;9;248.6;31.03;4.83;1.21;0.54;3.21;4.45;4.18;1;4;43;46;0.9;1.6;0;3.5;100;fSms
G6P5;6;5;Kiefernwald;373146;5801739;5;2;7;7;252.1;33.33;3.76;1.31;0.49;1.76;4.64;4.28;0;4;48;46;0.3;0.1;0.2;1.4;100;mSfs
G7P1;7;1;Trockenwiese;373042;5801731;2;31;9;6;252.58;9.71;6.19;1.286;0.515;3.5;4.8;4.28;0;4;46;46;0.6;0.7;0;2.7;100;fSms/mSfs
G7P2;7;2;Trockenwiese;373048;5801750;2;31;6;5;249.4;24.62;6.82;1.211;0.543;3.7;5.09;4.82;1;3;46;46;0.6;0.7;0;2.7;100;fSms/mSfs
G7P3;7;3;Trockenwiese;373048;5801731;2;31;9;7;249.22;13.78;5.45;1.384;0.478;3.29;4.59;4.28;1;4;46;45;0.5;0.4;0.4;2.7;100;mSfs
G7P4;7;4;Trockenwiese;373067;5801750;2;31;8;7;251.02;8.24;7;1.405;0.47;2.8;4.49;4.19;2;3;43;47;0.8;1.1;0;3.1;100;fSms
G7P5;7;5;Trockenwiese;373073;5801775;2;31;9;8;250.29;14.74;5.36;1.44;0.457;2.07;4.88;4.65;0;4;47;44;1.5;0.4;0;3.1;100;mSfs
G8P1;8;1;Trockenwiese;373073;5801746;4;31;16;16;248.53;8.98;3.32;1.49;0.44;2.24;4.98;4.5;0;3;47;43;0.7;2.1;0;4.2;100;mSfs
G8P2;8;2;Trockenwiese;373035;5801752;3;31;17;17;249.43;11.95;9.34;1.29;0.51;3.88;4.87;4.51;0;4;47;47;0.3;0.7;0;1;100;mfS
G8P3;8;3;Trockenwiese;373035;5801739;3;31;18;18;250.36;72.44;6.98;1.43;0.46;2.81;3.93;3.65;0;3;43;47;1.3;1.1;0.6;4.1;100;fSms
G8P4;8;4;Trockenwiese;373067;5801765;2;31;12;12;250.5;9.68;2.58;1.5;0.43;2.08;4.7;4.39;3;2;42;48;0.9;0.7;0.7;2.8;100;fSms
G8P5;8;5;Trockenwiese;373067;5801740;3;31;13;13;250.09;5.49;4.53;1.48;0.44;2.55;4.35;4.12;0;3;43;48;0.2;1.5;0;4.2;100;fSms
G9P1;9;1;Trockenwiese;373067;5801769;2;31;16;22;248.64;22.37;2.57;1.46;0.45;1.96;4.92;4.84;1;4;43;47;1.5;0.8;0;2.8;100;fSms
G9P2;9;2;Trockenwiese;373068;5801750;1;31;12;18;249.81;12.45;2.44;1.49;0.44;2.07;4.85;4.54;1;3;43;47;1.4;1.2;0;3.4;100;fSms
G9P3;9;3;Trockenwiese;373067;5801756;2;31;13;19;248.82;22.36;2.12;1.5;0.44;1.97;5.25;4.92;1;3;46;45;0;2.1;0;2.9;100;fSms
G9P4;9;4;Trockenwiese;373042;5801750;2;31;17;23;250.67;13.4;8.29;1.3;0.51;3.91;4.93;4.7;0;3;40;47;0;1.8;1.2;7.1;100;fSms
G9P5;9;5;Trockenwiese;373036;5801763;2;31;12;18;249.53;11.29;6.86;1.36;0.49;3.96;4.94;4.75;2;3;44;47;0;0.3;0.2;3.5;100;fSms
G10P1;10;1;Kiefernwald;373102;5801746;5;6;5;5;249.2;26.61;5.27;1.12;0.58;3.93;4.82;4.61;2;3;42;49;0.9;0.6;0;2.5;100;fSms
G10P2;10;2;Kiefernwald;373115;5801746;5;6;9;5.5;249.2;39.86;6.81;1.24;0.53;4.03;4.68;4.48;1;4;40;50;0.7;0.9;0;3.4;100;fSms
G10P3;10;3;Kiefernwald;373109;5801752;8;6;13;5;249.5;11.96;1.32;1.52;0.43;0.91;5.47;5.25;0;3;44;50;0.1;0.7;0;2.2;100;fSms
G10P4;10;4;Kiefernwald;373121;5801777;4;6;12;6;250.2;45.4;7.45;0.88;0.67;6.83;3.99;3.77;1;4;42;48;1.6;0.4;0;3;100;fSms
G10P5;10;5;Kiefernwald;373128;5801776;6;6;4;6.5;250.6;35.63;6.01;1.28;0.52;2.63;5.08;4.77;1;3;42;50;1;0.9;0;2.1;100;fSms
G11P1;11;1;Kiefernwald;373109;5801733;3;14;14;20;248.42;18.68;3.18;1.39;0.47;2.23;4.78;4.46;0;4;43;48;0.5;0.9;0;3.6;100;fSms
G11P2;11;2;Kiefernwald;373115;5801733;2.5;13;13;19;249.63;38.46;2.17;1.4;0.47;1.67;5.12;4.69;1;6;46;41;0.1;0.6;0.9;4.4;100;fSms
G11P3;11;3;Kiefernwald;373134;5801734;5;13;12;19;251.64;NA;3.31;1.25;0.53;2.1;4.65;4.54;1;4;50;39;0.6;1.5;0.8;3.2;100;mS
G11P4;11;4;Kiefernwald;373121;5801739;2.5;13;10;19;250.22;26.3;2.99;1.42;0.47;1.97;5.16;5.02;0;4;48;43;0.1;2.1;0;2.8;100;fSms
G11P5;11;5;Kiefernwald;373115;5801752;0.5;8;8;13;246.3;36.26;3.77;1.23;0.54;2.19;5.2;4.95;0;5;44;45;1.1;1.2;0;3.7;100;fSms
G12P1;12;1;Trockenwiese;5801775;4;22;22;16;250.56;7.93;7.04;1.44;0.46;2.3;5.13;5.11;0;4;46;41;0;5.2;0.7;3.1;100;mSfs
G12P2;12;2;Trockenwiese;5801756;4;26;20;20;248.91;11.52;7.26;1.29;0.51;2.83;5.09;5.01;1;4;46;43;1;0.7;0.8;3.5;100;mSfs
G12P3;12;3;Trockenwiese;5801769;5;31;10;25;250.29;13;9.91;1.39;0.47;2.95;5.31;5.2;1;4;41;50;0.8;0.6;0;2.7;100;fSms
G12P4;12;4;Trockenwiese;5801757;3;26;12;20;251.18;12.91;8.95;1.33;0.5;3.14;5.46;5.38;1;3;42;47;0.6;1.3;1.3;3.8;100;fSms
G12P5;12;5;Trockenwiese;5801744;5;25;11;19;250.33;5.28;8.13;1.42;0.46;2.67;4.93;4.34;0;4;42;47;1.3;1.2;0;4.5;100;fSms
G13P1;13;1;Kiefernwald;373127;5801771;7;6;10;13;249.81;7.24;11.61;1.29;0.51;4.02;4.25;3.82;0;6;48;44;0.5;0.3;0;1.2;100;mSfs
G13P2;13;2;Kiefernwald;373127;5801758;10;4;16;16;249.4;34.32;8.7;0.94;0.65;8.33;3.99;3.67;0;3;56;41;0;0;0;0;100;mSfs
G13P3;13;3;Kiefernwald;373121;5801740;4;2;11;10;250.5;28.61;3.89;1.23;0.54;3.95;4.94;4.64;0;4;47;46;0.2;0.1;0;2.7;100;mSfs
G13P4;13;4;Kiefernwald;373109;5801746;8;1;1;14;248.71;8.29;5.08;1.31;0.5;4.16;4.31;4.04;1;3;44;48;0.9;0.4;0;2.7;100;fSms
G13P5;13;5;Kiefernwald;373102;5801734;5;4;5;8;249.87;14.78;4.75;1.12;0.58;5.94;4.54;4.18;0;4;43;49;1.1;0.1;0;2.7;100;fSms
G14P1;14;1;Kiefernwald;373104;5801741;10;1;10;11;252.67;19.05;3.59;1.39;0.48;1.89;4.84;4.52;1;4;41;49;1.5;1.3;0;2.2;100;fSms
G14P2;14;2;Kiefernwald;373137;5801752;11;3;9;12;250.26;34.79;5.03;1.1;0.59;4.64;3.9;3.54;1;4;50;42;0.9;0.4;0;1.8;100;mSfs
G14P3;14;3;Kiefernwald;373139;5801755;7;2;11;9;253.22;30.56;4.78;1.27;0.52;2.21;4.58;4.37;1;6;46;42;2.8;0;0;2.2;100;mSfs
G14P4;14;4;Kiefernwald;373106;5801778;6;2;8;8;250.36;21.51;5.19;1.22;0.54;4.05;3.74;3.41;1;4;43;46;2.1;1;0;2.9;100;fSms
G14P5;14;5;Kiefernwald;373134;5801778;6;1;11;11;249.57;19.64;3.88;1.42;0.46;1.58;4.91;4.55;0;2;39;54;0.6;1;0;3.4;100;fSms
G15P1;15;1;Trockenwiese;373060;5801744;1;22;14;17;249.12;5.3;6.81;1.46;0.45;3.15;4.48;4.13;2;5;38;49;0.9;1;0;4.1;100;fSms
G15P2;15;2;Trockenwiese;373073;5801756;NA;15;8;8;250.94;10.32;2.3;1.56;0.41;1.75;5.26;5.11;0;2;45;48;0.4;0.4;0;4.2;100;fSms
G15P3;15;3;Trockenwiese;373073;5801763;NA;15;11;11;246.56;11.42;2.7;1.59;0.4;1.96;5.2;4.97;1;3;48;43;1.1;0.3;0;3.7;100;mSfs
G15P4;15;4;Trockenwiese;373048;5801769;1;24;15;18;249.93;10.83;6.02;1.42;0.46;2.93;6.34;5.12;0;3;42;47;1.8;0.9;0;5.3;100;fSms
G15P5;15;5;Trockenwiese;373054;5801769;NA;25;15;18;244.44;14.57;5.84;1.41;0.47;2.95;5.32;5.09;0;3;46;46;1;0.2;0;3.8;100;mSfs
G16P1;16;1;Kiefernwald;373121;5801752;7;7;8;9;247.2;38.39;4.4;1.205;0.545;2.8;4.93;4.68;0;7;46;46;0.3;0.1;0;0.6;100;mSfs
G16P2;16;2;Kiefernwald;373127;5801752;4;5;12;13;249.1;26.48;6.23;1.212;0.543;3.55;4.46;4.33;4;5;47;41;0.7;0;0;2.4;100;mSfs
G16P3;16;3;Kiefernwald;373146;5801746;5;7;10;10;248.9;22.68;3.41;1.46;0.449;1.82;5.34;4.8;2;9;51;36;0.1;0.4;0;1.6;100;mSfs
G16P4;16;4;Kiefernwald;373102;5801752;2;7;10;11;249.1;25.4;2.47;1.433;0.459;2.06;5.43;4.97;3;2;34;57;1.4;0.3;0.1;2.2;100;mSfs
G16P5;16;5;Kiefernwald;373133;5801752;4;5;11;12;250.3;23.36;2.67;1.467;0.446;1.49;5.48;5.02;0;8;54;37;0.1;0.2;0;0.7;100;mSfs
G17P1;17;1;Kiefernwald;373127;5801740;10;1;11;11;249.21;35.13;4.46;1.29;0.51;2.81;5.06;4.77;1;4;52;38;1.7;0.6;0;2.6;100;mSfs
G17P2;17;2;Kiefernwald;373140;5801746;11;1;12;12;249.22;48.37;2.59;1.36;0.49;1.41;5.18;4.9;0;5;55;40;0;0;0;0;100;mSfs
G17P3;17;3;Kiefernwald;373102;5801765;7;3;9;9;249.53;12.42;2.6;1.46;0.45;2.99;4.6;4.27;0;1;40;54;0.7;0;0.5;3.8;100;fSms
G17P4;17;4;Kiefernwald;373128;5801765;6;2;8;8;251.52;35.27;4.23;1.33;0.5;3.25;4.88;4.26;1;6;48;41;1.4;0.1;0.3;2.2;100;fSms
G17P5;17;5;Kiefernwald;373115;5801777;6;6;11;11;249.32;19.37;3.44;1.35;0.49;3.04;5.5;4.63;0;5;40;49;2.1;0.2;0.7;3;100;fSms
G18P1;18;1;Trockenwiese;373054;5801756;2;25;18;25;249.93;15.26;5.19;1.44;0.46;2.26;5.18;4.95;0;4;46;44;0.7;0.9;0;4.4;100;mSfs
G18P2;18;2;Trockenwiese;373054;5801731;2;28;21;28;252.81;18.85;6.72;1.27;0.52;3.16;5.29;5.02;0;3;46;45;1.6;0.3;0;4.1;100;mSfs
G18P3;18;3;Trockenwiese;373030;5801769;1;25;15;22;249.41;27.52;6.18;1.21;0.54;3.67;4.97;4.75;0;3;45;46;1.2;0.5;0.2;4.1;100;mSfs
G18P4;18;4;Trockenwiese;373036;5801769;1;20;13;20;250.7;89.49;5.76;1.36;0.49;3.38;4.78;4.43;1;3;47;45;1.1;0.3;0;2.6;100;mSfs
G18P5;18;5;Trockenwiese;373035;5801744;2;24;14;20;248.97;18.33;5.84;1.37;0.48;2.92;4.94;4.65;0;3;45;43;1.9;1.3;0;5.8;100;mSfs
